2026-10-09T19:55:45.350Z
window=next-24-hours-from-collection
window_start_utc=2026-10-09T19:55:45.350Z
window_end_utc=2026-10-10T19:55:45.350Z
window_mode=ROLLING_24H_FROM_RUN_START
card_date_moscow=2026-10-09
card_key=2026-10-09-part-2
card_name=09.10 второй проход - исправленный
reason=explicit-user-automation-command-corrected-second-pass
stage=RAW_UNIVERSE_ONLY
exclude_final_portfolio_ref=
exclude_event_ids=13256701,13256901,13260851,13261540,13261921,13252521,13259329,13256905,13256870,13261928,13261929,13255489,13256871,13257180,13250983,13261677,13263120,13263123,13256904,13259328,13240936,13250628,13251895,13263597,13263598,13263180,13263367,13263368,13263380,13263381,13263382,13264036,13264037,13264109,13258061,13258567,13258572,13258601,13258927,13260531,13263420,13263487,13258876,13259475,13264277,13264753,13265256,13265257,13265259,13259812,13260462,13263396,13264645,13264646,13264751,13264752,13264785,13264810,13264930,13264932,13265052,13264786,13265258,13259977,13260106,13261730,13264746,13264749,13264834,13264866,13264867,13264868,13265225,13265285,13265525,13265781,13258569,13264906,13264907,13265034,13265064,13265072,13264836,13265099,13265159,13265160,13265758,13265860,13264449,13265112,13265336,13265744,13258781,13259443,13265113,13265743,13265774,13265643,13265552,13265936,13266372,13258188,13261390,13262724,13265065,13265091,13265848,13265560,13251118,13260540,13266874,13261020,13261349,13265664,13265733,13265847,13266239,13267464,13267465,13267466,13262304,13266373,13260390,13265164,13265798,13266552,13266553,13265651,13266457,13266612,13267664,13267666,13252035,13260370,13265904,13266046,13266540,13268347,13268348,13240859,13244583,13251157,13261618,13267665,13251719,13260389,13262794,13267017,13251672,13262872,13250638,13251010,13251015,13251894,13252488,13255576,13267016,13251017,13251671,13236059,13250984,13268329,13268328,13268303,13268304,13268416,13268417,13268500,13268501,13268688,13268689,13268777,13263397,13263398,13263399,13263400,13263718,13264163,13264168,13264379,13264450,13264451,13264452,13264453,13264454,13264790,13264813,13265405,13268511,13268655,13268703,13264877,13268275,13268276,13268508,13268509
exclusion_manifest_ref=status/exclusions-2026-10-09-part-2.json
canon_version=2026-10-09-holistic-price-blind
